INSERT INTO Spot (IdProductType, IdGame, IdRegion, IdCondition, SpotDate, SpotPrice)
VALUES
(1, 70, 3, 6, '2024-01-15', 25.00),
(1, 70, 3, 6, '2024-01-15', 10.00),
(1, 119, 3, 6, '2024-01-15', 25.00),
(1, 119, 3, 6, '2024-01-15', 17.00),
(1, 119, 2, 6, '2024-01-15', 25.00),
(1, 141, 3, 6, '2024-01-15', 40.00),
(1, 141, 2, 4, '2024-01-15', 55.00),
(1, 143, 3, 6, '2024-01-15', 80.00),
(1, 143, 8, 6, '2024-01-15', 25.00),
(1, 207, 2, 5, '2024-01-15', 15.00),
(1, 207, 4, 6, '2024-01-15', 20.00),
(1, 209, 4, 6, '2024-01-15', 15.00),
(1, 209, 4, 6, '2024-01-15', 15.00),
(1, 209, 3, 3, '2024-01-15', 10.00),
(1, 209, 4, 6, '2024-01-15', 10.00),
(1, 209, 4, 6, '2024-01-15', 15.00),
(1, 209, 4, 6, '2024-01-15', 20.00),
(1, 209, 4, 6, '2024-01-15', 14.00),
(1, 231, 4, 5, '2024-01-15', 10.00),
(1, 231, 3, 6, '2024-01-15', 20.00),
(1, 233, 1, 6, '2024-01-15', 15.00),
(1, 233, 1, 6, '2024-01-15', 16.00),
(1, 305, 1, 6, '2024-01-15', 8.00),
(1, 305, 3, 6, '2024-01-15', 20.00),
(1, 330, 1, 6, '2024-01-15', 10.00),
(1, 330, 3, 6, '2024-01-15', 10.00),
(1, 400, 3, 6, '2024-01-15', 10.00),
(1, 400, 3, 6, '2024-01-15', 18.00),
(1, 403, 4, 5, '2024-01-15', 5.00),
(1, 403, 4, 5, '2024-01-15', 5.00),
(1, 437, 4, 6, '2024-01-15', 25.00),
(1, 437, 3, 6, '2024-01-15', 27.00),
(1, 437, 3, 5, '2024-01-15', 15.00),
(1, 437, 3, 3, '2024-01-15', 15.00),
(1, 437, 3, 6, '2024-01-15', 18.00),
(1, 437, 3, 5, '2024-01-15', 17.00),
(1, 437, 3, 6, '2024-01-15', 16.00),
(1, 470, 6, 4, '2024-01-15', 30.00),
(1, 470, 4, 4, '2024-01-15', 30.00),
(1, 470, 3, 6, '2024-01-15', 50.00),
(1, 514, 3, 6, '2024-01-15', 35.00),
(1, 514, 4, 6, '2024-01-15', 35.00),
(1, 518, 4, 6, '2024-01-15', 25.00),
(1, 518, 4, 6, '2024-01-15', 20.00),
(1, 518, 4, 6, '2024-01-15', 15.00),
(1, 599, 1, 7, '2024-01-15', 10.00),
(1, 599, 1, 6, '2024-01-15', 16.00),
(1, 643, 1, 6, '2024-01-15', 15.00),
(1, 643, 1, 6, '2024-01-15', 15.00),
(1, 704, 4, 6, '2024-01-15', 24.00),
(1, 704, 3, 4, '2024-01-15', 22.00),
(1, 704, 3, 2, '2024-01-15', 14.00),
(1, 704, 3, 5, '2024-01-15', 23.00),
(1, 704, 3, 5, '2024-01-15', 30.00),
(1, 704, 3, 3, '2024-01-15', 15.00),
(1, 704, 3, 1, '2024-01-15', 14.00),
(1, 704, 3, 2, '2024-01-15', 18.00),
(1, 704, 1, 6, '2024-01-15', 18.00),
(1, 705, 3, 3, '2024-01-15', 25.00),
(1, 705, 3, 5, '2024-01-15', 30.00),
(1, 705, 3, 5, '2024-01-15', 20.00),
(1, 705, 3, 2, '2024-01-15', 15.00),
(1, 705, 3, 5, '2024-01-15', 30.00),
(1, 705, 3, 3, '2024-01-15', 25.00),
(1, 705, 3, 4, '2024-01-15', 22.00),
(1, 705, 3, 3, '2024-01-15', 19.00),
(1, 705, 3, 2, '2024-01-15', 20.00),
(1, 705, 3, 5, '2024-01-15', 30.00),
(1, 705, 1, 6, '2024-01-15', 11.00),
(1, 705, 3, 3, '2024-01-15', 18.00),
(1, 706, 3, 5, '2024-01-15', 20.00),
(1, 706, 3, 5, '2024-01-15', 25.00),
(1, 706, 3, 5, '2024-01-15', 25.00),
(1, 706, 3, 5, '2024-01-15', 27.00),
(1, 706, 3, 6, '2024-01-15', 30.00),
(1, 706, 9, 4, '2024-01-15', 30.00),
(1, 706, 3, 2, '2024-01-15', 20.00),
(1, 706, 3, 5, '2024-01-15', 30.00),
(1, 706, 3, 3, '2024-01-15', 15.00),
(1, 706, 3, 3, '2024-01-15', 20.00),
(1, 706, 3, 5, '2024-01-15', 25.50),
(1, 706, 3, 6, '2024-01-15', 35.00),
(1, 706, 3, 3, '2024-01-15', 20.00),
(1, 706, 3, 6, '2024-01-15', 30.00),
(1, 706, 3, 4, '2024-01-15', 25.00),
(1, 706, 3, 5, '2024-01-15', 25.00),
(1, 706, 3, 5, '2024-01-15', 25.00),
(1, 706, 3, 5, '2024-01-15', 25.00),
(1, 706, 3, 6, '2024-01-15', 25.00),
(1, 706, 3, 6, '2024-01-15', 30.00),
(1, 706, 3, 4, '2024-01-15', 25.00),
(1, 706, 1, 6, '2024-01-15', 11.00),
(1, 706, 3, 6, '2024-01-15', 30.00),
(1, 706, 3, 6, '2024-01-15', 30.00),
(1, 706, 3, 3, '2024-01-15', 29.00),
(1, 844, 3, 6, '2024-01-15', 15.00),
(1, 844, 3, 6, '2024-01-15', 15.00),
(1, 867, 4, 6, '2024-01-15', 25.00),
(1, 867, 4, 6, '2024-01-15', 20.00),
(1, 883, 1, 6, '2024-01-15', 10.00),
(1, 883, 3, 6, '2024-01-15', 20.00),
(1, 883, 3, 5, '2024-01-15', 15.00),
(1, 883, 1, 6, '2024-01-15', 8.00),
(1, 883, 1, 6, '2024-01-15', 9.00),
(1, 883, 3, 6, '2024-01-15', 25.00),
(1, 883, 3, 6, '2024-01-15', 20.00),
(1, 883, 8, 6, '2024-01-15', 20.00),
(1, 883, 4, 6, '2024-01-15', 25.00),
(1, 883, 5, 6, '2024-01-15', 14.00),
(1, 884, 3, 5, '2024-01-15', 10.00),
(1, 884, 1, 6, '2024-01-15', 10.00),
(1, 884, 3, 6, '2024-01-15', 18.00),
(1, 884, 1, 6, '2024-01-15', 10.00),
(1, 884, 2, 6, '2024-01-15', 20.00),
(1, 884, 9, 6, '2024-01-15', 20.00),
(1, 884, 3, 6, '2024-01-15', 20.00),
(1, 884, 1, 6, '2024-01-15', 10.00),
(1, 884, 4, 2, '2024-01-15', 12.00),
(1, 884, 3, 2, '2024-01-15', 10.00),
(1, 884, 4, 3, '2024-01-15', 10.00),
(1, 884, 3, 6, '2024-01-15', 20.00),
(1, 884, 4, 3, '2024-01-15', 13.00),
(1, 884, 4, 3, '2024-01-15', 20.00),
(1, 884, 4, 6, '2024-01-15', 25.00),
(1, 884, 4, 6, '2024-01-15', 15.00),
(1, 911, 3, 6, '2024-01-15', 20.00),
(1, 911, 2, 6, '2024-01-15', 25.00),
(1, 911, 1, 6, '2024-01-15', 10.00),
(1, 911, 3, 6, '2024-01-15', 20.00),
(1, 921, 3, 6, '2024-01-15', 10.00),
(1, 921, 3, 6, '2024-01-15', 10.00),
(1, 921, 3, 5, '2024-01-15', 10.00),
(1, 921, 2, 6, '2024-01-15', 8.00),
(1, 921, 3, 6, '2024-01-15', 10.00),
(1, 921, 7, 6, '2024-01-15', 10.00),
(1, 921, 5, 6, '2024-01-15', 15.00),
(1, 921, 5, 6, '2024-01-15', 15.00),
(1, 921, 3, 5, '2024-01-15', 10.00),
(1, 921, 9, 5, '2024-01-15', 12.00),
(1, 921, 2, 5, '2024-01-15', 8.00),
(1, 921, 3, 6, '2024-01-15', 10.00),
(1, 921, 3, 6, '2024-01-15', 10.00),
(1, 983, 4, 3, '2024-01-15', 5.00),
(1, 983, 8, 6, '2024-01-15', 10.00),
(1, 990, 4, 5, '2024-01-15', 15.00),
(1, 990, 4, 5, '2024-01-15', 15.00),
(1, 1017, 3, 7, '2024-01-15', 60.00),
(1, 1017, 3, 6, '2024-01-15', 54.00),
(1, 1019, 2, 6, '2024-01-15', 10.00),
(1, 1019, 3, 6, '2024-01-15', 15.00),
(1, 1233, 3, 5, '2024-01-15', 20.00),
(1, 1233, 3, 6, '2024-01-15', 10.00),
(1, 1237, 2, 6, '2024-01-15', 15.00),
(1, 1237, 2, 6, '2024-01-15', 15.00),
(1, 1295, 4, 6, '2024-01-15', 12.00),
(1, 1295, 4, 6, '2024-01-15', 18.00),
(1, 1342, 4, 6, '2024-01-15', 10.00),
(1, 1342, 4, 4, '2024-01-15', 5.00),
(1, 1343, 4, 6, '2024-01-15', 10.00),
(1, 1343, 4, 6, '2024-01-15', 10.00),
(1, 1457, 4, 5, '2024-01-15', 30.00),
(1, 1457, 4, 5, '2024-01-15', 35.00),
(1, 1457, 4, 7, '2024-01-15', 50.00),
(1, 1458, 4, 6, '2024-01-15', 38.00),
(1, 1458, 4, 1, '2024-01-15', 20.00),
(1, 1458, 4, 5, '2024-01-15', 35.00),
(1, 1458, 4, 6, '2024-01-15', 20.00),
(1, 1459, 4, 6, '2024-01-15', 40.00),
(1, 1459, 4, 4, '2024-01-15', 28.00),
(1, 1459, 4, 3, '2024-01-15', 25.00),
(1, 1459, 4, 4, '2024-01-15', 25.00),
(1, 1459, 4, 6, '2024-01-15', 30.00),
(1, 1459, 4, 5, '2024-01-15', 30.00),
(1, 1459, 4, 1, '2024-01-15', 35.00),
(1, 1459, 4, 6, '2024-01-15', 45.00),
(1, 1459, 4, 6, '2024-01-15', 40.00),
(1, 1459, 4, 5, '2024-01-15', 30.00),
(1, 1459, 4, 4, '2024-01-15', 30.00),
(1, 1665, 3, 6, '2024-01-15', 50.00),
(1, 1665, 3, 2, '2024-01-15', 40.00),
(1, 1665, 3, 6, '2024-01-15', 45.00),
(1, 1665, 3, 3, '2024-01-15', 35.00),
(1, 1665, 3, 1, '2024-01-15', 35.00),
(1, 1665, 3, 5, '2024-01-15', 50.00),
(1, 1666, 3, 6, '2024-01-15', 25.00),
(1, 1666, 3, 6, '2024-01-15', 27.00),
(1, 1666, 3, 5, '2024-01-15', 26.00),
(1, 1666, 3, 6, '2024-01-15', 20.00),
(1, 1666, 3, 5, '2024-01-15', 20.00),
(1, 1666, 3, 6, '2024-01-15', 25.00),
(1, 1666, 3, 6, '2024-01-15', 30.00),
(1, 1666, 3, 1, '2024-01-15', 20.00),
(1, 1666, 3, 5, '2024-01-15', 33.00),
(1, 1666, 3, 6, '2024-01-15', 25.00),
(1, 1666, 3, 6, '2024-01-15', 30.00),
(1, 1668, 4, 6, '2024-01-15', 15.00),
(1, 1668, 4, 4, '2024-01-15', 20.00),
(1, 1668, 4, 5, '2024-01-15', 20.00),
(1, 1668, 4, 6, '2024-01-15', 15.00),
(1, 1669, 3, 5, '2024-01-15', 25.00),
(1, 1669, 3, 5, '2024-01-15', 18.00),
(1, 1669, 3, 4, '2024-01-15', 25.00),
(1, 1669, 3, 4, '2024-01-15', 25.00),
(1, 1669, 3, 5, '2024-01-15', 25.00),
(1, 1669, 3, 6, '2024-01-15', 25.00),
(1, 1669, 3, 5, '2024-01-15', 28.00),
(1, 1669, 4, 6, '2024-01-15', 21.00),
(1, 1670, 4, 3, '2024-01-15', 10.00),
(1, 1670, 4, 6, '2024-01-15', 17.00),
(1, 1670, 4, 2, '2024-01-15', 10.00),
(1, 1824, 4, 6, '2024-01-15', 10.00),
(1, 1824, 4, 4, '2024-01-15', 10.00),
(1, 1824, 4, 5, '2024-01-15', 23.00),
(1, 1824, 4, 6, '2024-01-15', 15.00),
(1, 1824, 3, 1, '2024-01-15', 10.00),
(1, 1824, 4, 4, '2024-01-15', 10.00),
(1, 1824, 4, 5, '2024-01-15', 19.00),
(1, 1858, 5, 6, '2024-01-15', 15.00),
(1, 1858, 5, 6, '2024-01-15', 15.00);